[-8.46044595e-01  8.94140864e-01  1.54324764e-01 -4.43668704e+00
  1.26000778e+00  2.19597236e-01  3.10435595e-09  1.23552110e+07
 -3.07384230e-02  1.19538677e-01  7.73640864e-01  6.38889007e-01
 -3.59663902e+00 -4.57255922e+02 -4.63225337e-01  2.51681366e-10
 -4.47397709e+09  4.28754860e+00 -5.80767884e+09  3.91680123e+09
  6.42642691e+09  4.07287523e+14 -1.45389688e+15 -2.33739392e+14
  1.05568216e+16 -5.36663289e+16 -9.29857562e+15 -9.57274299e+12
  3.97459141e+12  6.47253836e+12 -8.35797334e+14  2.37925414e+15
 -9.04477780e+14 -1.61353214e+12  6.31275861e+12  2.67981501e+11
 -2.72673246e+09  7.03593830e+09  4.51262738e+09  2.91097120e+11
 -1.14833466e+11 -2.36320787e+11 -1.44469732e+11  6.65199661e+10
  1.50465545e+11  1.80319995e+11 -1.36365652e+11 -4.04736146e+11
 -6.22793946e+08 -8.54833293e+09 -1.36857545e+10 -3.67088958e+10
  7.93377033e+10  6.66886802e+09 -1.16360978e+14  2.91591723e+14
  2.78746825e+13  7.08167060e+12 -2.80761689e+12 -5.67177931e+12
  9.14919336e+03  1.02032902e+04  6.26757104e+02  9.86695059e+16
 -1.26778164e+15 -9.28612534e+16  2.47965297e+11 -4.37751688e+10
 -4.08484540e+11  8.31197025e+12 -4.19898561e+12 -5.11768068e+12
 -2.16908714e+11 -1.12899427e+12  1.17622597e+11 -1.93657820e+12
  5.62396973e+11 -3.04336836e+12 -1.51454798e+10 -4.48163101e+09
  9.06257858e+09 -6.47846297e+10  2.68447674e+10  8.14225112e+10
  1.36090830e+10 -2.71368546e+10 -1.29783011e+10  2.28690158e+12
 -1.63424991e+12 -3.91739894e+12  1.15758675e+14 -1.16587573e+14
  5.80159790e+13 -3.19530761e+12  6.34650123e+12  3.04013944e+12
 -2.34219954e+14  4.20972965e+14  1.45527486e+14  1.42027424e+06
 -4.27932790e+06 -6.40689422e+05 -3.59498507e+07  2.88281635e+07
  3.50790683e+07  7.52647642e+13 -1.66426199e+13 -1.95248257e+13
  1.45780967e+13  3.11751330e+12 -2.22476720e+13 -9.84795240e+12
  1.32706059e+13  1.04340008e+13  1.32299022e+10 -8.95536787e+09
 -7.16991665e+09 -8.59442156e+12  3.70738779e+13 -6.06713216e+11
  7.43321699e+09 -3.31532447e+09 -5.93196505e+09 -2.12372686e+12
  2.96367463e+12  7.75712766e+10  1.36733911e+04  3.22378965e+04
  2.52277170e+03  3.12763151e+08 -2.97825315e+08 -7.93300920e+08
  4.80504082e+08 -2.33876344e+08 -4.72458474e+08 -7.33506851e+09
 -1.05151337e+10  1.91954837e+10  1.79407064e+12 -7.54999646e+11
 -2.26053511e+12  1.94109088e+08 -2.08209643e+09 -2.69660499e+09
  4.96224836e+15 -3.39275396e+15 -4.37629151e+15  3.28310629e+06
 -1.15237205e+07 -2.44304846e+06  1.83003903e+12 -1.74119136e+12
 -4.32638539e+12  2.47706748e+07  3.42762589e+06  2.28866117e+08
 -2.48379280e+05  1.11746140e+05  5.10102407e+05  9.21576477e+09
 -8.86653235e+09 -1.46450425e+10  6.27308577e+13 -2.93413617e+13
 -3.50496707e+13  1.27544625e+13 -5.32135533e+13 -4.56844616e+13
  2.98375074e+10 -4.81938147e+10 -1.06691712e+10 -9.35646890e+11
  5.75521301e+11  1.85595250e+12 -2.52314226e+13  6.16611957e+11
 -1.31055097e+14  9.49031004e+06 -2.12008350e+06 -6.28937342e+06
 -2.40399758e+12  1.41333887e+12  2.67487578e+12  2.67257533e+09
 -1.31917191e+09 -2.58819410e+09  3.63634861e+11  7.56862762e+10
  2.33084633e+11  1.97282979e+13 -1.57671863e+13  2.32237542e+12
 -1.60086460e+08  6.88380434e+07  3.07481983e+08 -4.76928212e+11
  3.69730791e+11 -2.25782647e+11  1.45102172e+10  5.87516826e+10
 -3.67294832e+10 -3.93963299e+13  1.23433323e+13  7.71028592e+12
 -5.87537952e+12 -1.74608432e+12 -9.40487769e+12  4.00276021e+10
 -1.99497504e+10 -3.84912060e+10 -3.17066763e+08  5.76185838e+08
  2.07176761e+08 -9.91167618e+12  6.90339673e+12  1.48310873e+13
  9.83608506e+13 -4.44143623e+13 -7.02644378e+13 -6.94706846e+12
  9.04687290e+12  7.18695475e+12 -3.04811873e+10  8.76152341e+09
  4.48952267e+10  1.29282175e+12 -6.20453657e+11 -1.29269140e+12
  6.52094684e+11  5.32142002e+11 -6.75481796e+11  1.57579888e+15
 -6.47080256e+14 -1.32886097e+15  2.36592491e+13 -1.04163316e+13
 -2.45643659e+13  6.80576208e+13 -5.84400824e+13 -1.15770587e+13
  2.04765649e+14 -1.04785534e+14 -2.09410543e+14 -3.59739883e+12
  1.78359650e+12  4.38177309e+12 -1.16755083e+12  5.13527164e+11
  1.19899371e+12 -7.24496680e+12  4.95570704e+12 -4.51398772e+12
 -5.43575825e+10  8.29906263e+10  1.36922568e+11 -1.50247451e+08
 -2.71090108e+08  2.54208518e+08 -1.49294342e+13  1.25294400e+14
 -5.41578227e+14  6.97608775e+17 -6.06256740e+17 -4.07484510e+17
  9.48751288e+15 -3.54677946e+15 -6.60394064e+15 -3.62163247e+10
 -2.52933986e+11 -3.54545933e+10  8.17276590e+09 -3.48271318e+09
 -8.59913957e+09 -3.66593629e+14  8.20831868e+14  4.89922243e+14
 -1.86345455e+15  2.21251567e+15 -5.39137806e+14  2.94731876e+09
 -8.56678697e+08 -3.86898420e+09 -2.63411719e+10  1.68252906e+11
 -4.99191315e+10 -7.37009624e+12 -2.13192332e+13  1.54223569e+13
 -3.68727047e+10  1.77023323e+10  3.41627878e+10  2.23588575e+13
 -1.06716020e+13 -1.33868538e+13  1.84931184e+10  3.32520344e+10
 -8.59451778e+10  5.06925319e+11 -7.79731466e+11 -5.21464181e+11
  7.31469946e+15 -3.52672462e+15 -6.14582045e+15  8.95763911e+07
 -5.37278410e+07 -1.67882250e+08  3.83068440e+18 -3.14044002e+18
 -2.87337721e+18 -3.18226875e+06  1.54262459e+06  2.09710840e+06
 -3.31986625e+12  1.49633316e+12  3.94611709e+12 -1.34857536e+06
  2.52113667e+06 -5.17929421e+05 -2.45087090e+14 -1.32110930e+13
 -5.00023978e+13 -5.25597419e+12  1.16230859e+13  5.50008541e+12
  1.28823107e+12 -6.30417332e+11 -1.20706828e+12  2.80595892e+06
 -2.33670922e+06 -4.54424389e+06 -4.18268970e+12  5.45505450e+12
  5.79119873e+12 -8.47983049e+10 -1.47127253e+11 -2.27846366e+10
 -4.11403457e+14  5.02517011e+14  1.70670816e+15  3.07080132e+14
  1.19105053e+15 -2.07012945e+11 -7.07343348e+12  5.93882879e+12
  5.55820660e+11 -1.08179111e+13  6.76615965e+12  1.61233805e+13
 -3.86079403e+07  3.02872425e+07  7.70584015e+07 -6.71720618e+13
  4.53069504e+13  8.55455923e+13 -5.62975540e+09  6.55104267e+09
  7.34717048e+08 -6.42577514e+09  3.54263630e+09  6.70558477e+09
  6.68150323e+09 -2.85635121e+09 -7.87556113e+09 -4.28723629e+06
  7.67699119e+06  1.79375474e+07  7.54539913e+08 -1.23588439e+09
 -2.29879987e+09 -2.53988425e+13  3.76468425e+13  5.27605588e+13
  5.78515884e+08 -2.80957186e+08  7.70246090e+08  3.04623200e+09
 -4.01084719e+09 -9.51278662e+09  1.11820229e+08 -1.08748335e+08
 -1.67606802e+08 -6.57303457e+11  3.01956986e+11  7.18805302e+11
 -5.96616270e+07 -8.23133865e+07  1.22293180e+08 -1.13649014e+11
 -1.48635024e+10 -3.20441087e+11 -9.13819526e+10  5.68512915e+10
  6.25493164e+10 -4.16803635e+11  1.58037405e+11  5.07876588e+11
  1.64631100e+10 -3.49015353e+10 -1.80940887e+10  7.18083209e+15
 -1.11204767e+14 -7.26591856e+13 -8.50903365e+11  5.86440259e+11
 -1.43242892e+12  4.23708922e+12 -1.79856866e+12 -5.08530542e+12
 -2.69045736e+05  3.50397611e+04  4.40330214e+05 -3.46445847e+01
  7.51095249e+01  2.43472975e+02  4.63683617e+13  1.89057281e+13
 -9.16718843e+13  2.71991257e+10 -5.41972208e+10 -4.88964028e+10
  3.55697758e+16 -3.27358294e+16  2.53613653e+16 -3.09256887e+12
  1.89827833e+12 -9.87919969e+11  3.43948444e+11 -4.45520645e+11
 -2.44453506e+11 -6.51500729e+11  2.74600386e+11  7.20173553e+11
 -3.93643035e+11  3.13458088e+11 -7.81947721e+10  1.20708667e+11
 -2.87700039e+11 -1.42263829e+11 -2.38883031e+09 -2.69847405e+08
  2.49951268e+09  4.47032773e+13 -1.14396299e+14 -4.48120322e+13
  1.30233216e+14 -1.21006682e+14 -1.29923388e+14  2.20768796e+14
 -1.81186664e+13 -3.25208282e+14  4.07359923e+10 -1.85678642e+10
 -3.20665372e+10 -5.30024542e+05 -4.56081111e+06 -7.68584264e+06
 -5.60326291e+09  2.94855160e+09  4.74875185e+09 -9.16331840e+14
  4.20368482e+14  9.95134949e+14 -6.55933600e+08 -3.20037213e+09
  5.80964151e+08 -1.07022146e+14  4.83871388e+13  1.18752871e+14
  1.45319319e+14 -6.59727238e+13 -1.60879498e+14 -1.02642570e+13
  5.13782835e+12  8.68595877e+12 -7.41696596e+09  5.91847189e+09
  1.14456830e+10 -1.61375231e+11 -2.97346816e+12  9.94575235e+11
 -2.10051401e+10 -8.78421592e+09  2.32921754e+10 -3.97965978e+12
 -1.11306165e+13 -2.10045693e+13 -9.50131751e+15 -4.15390460e+16
  3.08211004e+16 -6.73526019e+08  3.57437161e+08  8.77758134e+08
 -1.81771572e+11  5.02169570e+10  1.29015684e+11  1.31548413e+11
 -4.13060256e+10 -1.56327654e+11 -7.90160067e+11  1.12462749e+12
  3.26614087e+12  2.88495047e+14 -1.01610404e+14 -2.06008982e+14
 -1.89433380e+12 -6.50670934e+11  1.12347833e+12  5.95123067e+05
 -4.02031316e+05 -8.23485265e+05  6.37191230e+16 -3.49924457e+16
 -5.93955551e+16  3.22845269e+08 -2.37205237e+09  2.04174081e+08
  9.86036102e+03 -9.61379711e+02 -1.24959864e+04  3.13921996e+05
  5.76449896e+05  1.62426428e+04 -3.94075013e+12  5.70572281e+12
  8.32723226e+12 -1.91996814e+07  1.89818550e+07  1.96619920e+07
 -2.13330301e+12  1.32553321e+12  3.99806806e+12  1.95808947e+18
 -9.69447485e+17 -2.35931597e+18  2.12819800e+03  3.73812562e+02
 -2.37196647e+03  5.02591424e+13 -1.04737670e+14 -6.21702582e+13
  4.85633036e+11 -1.29741465e+11 -6.48302848e+11 -2.62405098e+13
  1.16263879e+13  2.76596716e+13  1.98109117e+08 -2.61563546e+08
  5.32151472e+07 -1.18763188e+11  5.22846775e+10  8.09780750e+10
  2.39046976e+12 -3.76998123e+11 -3.24966660e+12 -1.81933392e+14
  1.52149916e+14  4.10029188e+14  1.47210900e+12 -7.00875983e+12
 -2.86123546e+13  7.90678081e+13 -2.83177521e+14  2.19899463e+14
  4.84150728e+14 -2.14587267e+14 -5.19306486e+14 -1.77728810e+12
  1.24973969e+12 -5.07623928e+11 -1.63902585e+11 -7.34534488e+11
 -2.09198980e+12 -1.27000973e+09  1.12131964e+09  1.68471846e+09
  9.39914665e+12 -3.27265008e+12 -9.50501784e+12  5.63713161e+13
 -4.20728125e+13 -4.91239015e+13 -6.88375071e+11 -1.95024789e+11
  1.05971976e+12 -5.18083714e+13  6.16199902e+13  4.18808378e+13
 -9.04650905e+13  4.06080137e+13  6.92725150e+13  4.77123462e+07
 -2.14579554e+08 -4.48303993e+07  2.83043617e+01  3.83777245e+01
  1.35535921e+02 -3.56691177e+08  1.64062461e+08  4.79218329e+08
 -1.63812387e+12  7.27814752e+11  2.74449163e+12  5.27557146e+12
 -6.22356993e+10  1.74202342e+13  7.01098205e+12 -1.48020511e+13
 -9.63176195e+12 -4.62734753e+13  1.90667122e+13  5.83128500e+13
 -8.13877257e+08  3.95552337e+08  1.76051811e+09 -4.30533411e+06
 -4.77038191e+06 -1.58997855e+07  4.35503113e+11 -3.89457558e+11
 -6.90861892e+11 -1.10082332e+13  8.52454383e+13  1.05560241e+13
  3.15012218e+09  6.47969726e+08  2.00579627e+09 -1.53670177e+10
  2.23646505e+10  1.92216552e+09  1.78557375e+13 -5.15024395e+12
 -2.17627522e+13  2.13599788e+14  6.21451651e+12 -2.80037624e+14
  1.11571967e+16 -2.37899832e+16 -1.37446191e+16 -2.72832653e+08
  4.15333526e+09 -3.00241233e+08  5.50629289e+12  3.61539136e+12
  2.15206444e+12  1.13742403e+12  4.43651032e+11 -1.96865053e+12
 -1.92011573e+09  2.89075139e+08  1.76419587e+09  2.27122933e+10
 -4.00405616e+11  1.59106579e+10 -8.33923313e+12  6.79429414e+12
  6.80814279e+12  3.04026896e+10 -5.00617840e+10 -7.12985070e+10
  4.95651251e+14 -1.32810728e+14 -4.69364319e+14  1.24103591e+10
 -8.59512818e+09 -1.78298276e+10 -9.90394917e+11  9.43637459e+11
  1.91261002e+12  1.46830794e+10 -8.66483557e+09 -2.92816614e+10
  5.48436704e+11 -2.36107448e+11 -6.91103724e+11 -2.56962774e+12
  4.92062518e+12  2.69822668e+13 -3.45599173e+12 -1.90087794e+12
  5.65288441e+11  1.01819707e+09 -6.22379637e+08 -1.10417594e+09
 -3.37680246e+13 -9.53149385e+11  4.07187907e+13  2.61396681e+11
 -1.82559708e+11 -3.07899736e+11  9.05991204e+12  5.37816475e+12
  5.59065904e+12 -1.20513246e+11  7.38444289e+10  1.79935178e+11
 -5.19310987e+07 -2.02407209e+06  4.75902891e+07  4.32121201e+11
 -2.76242647e+10 -3.88880865e+11 -1.53640696e+08  8.63172052e+07
  2.54233687e+08  2.97143260e+10 -2.78598125e+10 -2.87880788e+10
  2.26702985e+09 -1.33013696e+08 -1.42304867e+09  1.10785302e+14
 -4.84355184e+13 -1.20399930e+14 -9.67632748e+11  5.87077147e+11
  1.40359669e+12 -6.90929325e+08  5.23318575e+08 -7.31918398e+08
 -5.11606232e+14 -3.12795187e+15  1.44233480e+15  5.29462754e+13
 -3.45512952e+13  3.89598779e+13 -4.42031578e+12 -1.92126847e+12
  8.55583456e+12 -7.47035235e+13  7.95023144e+13 -3.47758778e+13
  1.37721007e+14 -9.87524842e+13 -1.27165642e+14 -4.25467445e+11
  2.80065702e+11  6.99803698e+11 -3.79127242e+10 -2.24596719e+10
 -1.18368592e+11 -2.09079314e+13  3.43865781e+13  7.94819284e+12
 -2.10500592e+12  1.79634611e+12  3.86898291e+12 -7.65631562e+11
  4.08899399e+11  3.77076096e+11  1.10593725e+15 -6.77650248e+14
 -5.59000499e+14 -2.81016287e+08 -1.17737729e+08  1.27306237e+07
  3.60994772e+03  3.03728154e+03 -7.48068136e+02 -7.16177824e+13
  1.84908275e+14  2.17288063e+14 -9.54128357e+11  8.56784157e+11
  3.06753202e+11  1.97279086e+11 -8.75190633e+10 -2.03033068e+11
 -2.46329932e+15  1.11292156e+15  1.51105583e+15 -8.91486441e+14
  3.82769918e+14  7.55516661e+14  3.28067809e+11 -7.72273367e+11
 -4.31831149e+12 -8.31037359e+11  4.92383009e+12  4.46820102e+12
  3.08079536e+14  1.14800154e+14  1.27081289e+14 -5.32353596e+10
  2.48639274e+10  6.49611393e+10 -3.86278268e+04 -1.51403300e+05
  1.00528585e+05  4.04967340e+12 -1.55642515e+12 -4.88932807e+12
 -4.56760272e+10 -1.10058810e+11  4.81687933e+10  7.60413391e+10
  6.27196202e+10  1.15039248e+11  6.87460838e+11  6.34750316e+11
 -1.08366305e+12  2.86340929e+06 -1.39458973e+07 -1.47874714e+07
 -3.65393411e+11  3.65352832e+11 -2.13403460e+11 -7.74199379e+12
 -3.29014116e+12  1.07993864e+13  9.93608957e+11 -1.40778682e+11
 -8.24367009e+11  3.45257114e+14 -8.46077950e+13 -2.96408543e+14
 -4.17291099e+15  3.19644548e+15  3.96924086e+15  4.44261050e+10
 -1.78789607e+10 -6.06788532e+10 -1.82997358e+10  1.34157793e+10
  3.30638450e+10 -3.00982135e+08  3.08213112e+08  5.68707814e+08
  1.41631505e+14 -4.06561654e+14 -1.20453260e+15 -1.80854613e+13
  2.19835503e+13 -4.19822969e+12  6.16924775e+12 -4.55564660e+11
 -5.51775510e+12 -6.60137619e+09  8.52206614e+09  9.26341561e+09
 -1.96999273e+11  2.80055449e+11  1.46192752e+10  2.00802094e+12
 -2.01407891e+12 -4.35959810e+12  2.47714262e+09 -7.62400123e+08
 -2.33932802e+09  2.81879905e+08  1.11620992e+09 -2.00301063e+09
  5.19264922e+10 -1.90941470e+10  1.23537285e+11  5.01370266e+10
 -7.93905533e+10 -1.15957979e+11 -4.24748380e+13  1.01347558e+14
  6.57564375e+13 -1.88411262e+11 -1.37538311e+11 -1.56642874e+11
 -3.52781096e+07  6.45135037e+06  1.19456186e+08  2.74580538e+06
  1.93605362e+07  3.35733221e+07 -4.96516619e+11  2.50086868e+11
  6.18444021e+11  6.36765314e+12 -5.52295845e+12 -1.13456429e+13
  4.98299391e+11 -2.63118378e+11 -5.00855107e+11 -4.66100406e+10
  2.03039575e+10  3.52600057e+10  3.89680933e+12 -1.71119958e+12
 -4.33725485e+12  1.91648430e+10 -2.02714923e+09 -1.50795335e+10
 -6.84206296e+10  6.24818649e+11  1.01996664e+11 -6.94498859e+10
  2.13825475e+10  2.97087148e+10  2.31346982e+13 -4.47742427e+13
 -1.77808235e+13 -2.26678872e+10  1.01961769e+10  2.13757051e+10
 -1.42840848e+11 -1.48806155e+12  3.77277601e+12 -6.34328709e+09
 -7.05387447e+08  8.42593762e+09  6.18340790e+13 -2.75688372e+13
 -5.72608989e+13  1.23398711e+13 -6.24087606e+12 -9.79770393e+12
  3.39493420e+14 -1.80403849e+14 -3.45185014e+14 -3.24730489e+14
  9.16205079e+13 -5.31546205e+14 -1.81792528e+15 -1.04760922e+16
  2.95992709e+15 -7.28636332e+11  7.01224741e+11 -1.07082313e+12
 -7.86519919e+09  3.56870609e+09  7.51579019e+09 -1.01918499e+09
 -5.14659113e+07  1.24692351e+09 -1.08870826e+15  1.09996280e+15
  2.82123265e+15 -1.33883311e+11  2.66407979e+11  1.03988742e+11
  1.10361617e+10  3.78754124e+09  2.19775566e+10  3.21058058e+13
 -8.46949577e+12 -3.48712354e+13 -6.03183535e+10 -3.40343658e+10
 -6.05751014e+10 -3.06957453e+10  1.54860947e+10  2.98076374e+10
 -5.90678842e+13  4.73408240e+13  9.08652957e+13  1.66048146e+16
 -5.02626144e+15 -1.06398383e+16 -7.75994069e+09  2.78412407e+10
  2.80433471e+10 -2.91850070e+11  2.67323015e+11  7.60397725e+11
 -4.56201005e+11  2.13621033e+11  4.96068005e+11 -4.12838934e+09
  1.72363226e+09  3.74343828e+09 -2.62805319e+11  3.43362905e+11
 -7.11240639e+09 -1.67974927e+11  2.65064099e+11  5.05736117e+10
  1.98495986e+11 -1.03047563e+11 -2.50319534e+11  1.37801873e+13
 -6.23721264e+12 -1.81864614e+13  2.01888100e+11 -1.02242707e+12
  3.10600168e+11 -1.03999701e+14  9.02537458e+13  8.06599642e+13
  4.21568147e+11 -3.44068874e+11 -2.07536478e+11 -2.77091910e+04
 -3.88711424e+04 -6.49505098e+03 -1.15070662e+08  2.97756301e+07
  1.15399344e+08  2.98206984e+14 -3.35006134e+14 -3.26841177e+14
 -2.92616205e+13 -1.56545278e+12 -6.21580807e+13 -5.23683795e+11
 -4.57558007e+10 -1.11827731e+12  2.27967691e+14 -2.83399947e+14
 -2.18605316e+14 -2.20148078e+10  2.06275506e+10  7.04259311e+10
 -9.47193895e+13  9.58961549e+13  2.83035546e+14  6.37307198e+11
 -5.93586189e+11 -6.70469422e+11 -4.22580867e+09  2.05036037e+09
  4.35710585e+09  2.79412671e+09 -4.98441554e+09 -2.57627527e+09
 -2.06517733e+01 -9.42331043e+01 -2.02596234e+02 -4.44176213e+14
  3.15981717e+13  4.46197713e+14 -1.90271765e+14  2.06764920e+14
  2.22756808e+14 -2.92118755e+15  2.79465659e+15 -5.17141252e+14
 -6.46182631e+08 -1.87649407e+09 -1.08127584e+10  2.38746670e+13
 -1.09687992e+13 -2.54868251e+13 -1.51964357e+11  8.29700286e+11
  8.30435337e+11  1.33779526e-01  5.03387114e-01  5.09941672e-01
  2.01835416e+10 -8.86027257e+09 -1.07091837e+10  1.76162366e+10
 -2.57809592e+10 -4.19518781e+10 -5.14904607e+10  3.14106679e+09
  5.43003857e+10  7.84355271e+12 -1.45143131e+13 -5.48640654e+12
 -1.13757903e+12 -5.45305578e+11  8.65210555e+11  9.51356421e+13
  1.33039580e+14  3.03753284e+14 -6.40897107e+09 -1.27587761e+09
  8.71540892e+09  3.65896447e+10 -4.14643723e+10  2.13780563e+10
  9.22751678e+09  4.28162681e+10 -5.58029584e+10  1.87750602e+14
 -1.37563723e+15 -1.96021848e+14 -1.62786935e+11  5.99813271e+10
  1.43942624e+11 -3.89006468e+14  1.78128095e+13  3.25893338e+14
  4.51114114e+08 -1.20716238e+09 -8.89060783e+08  1.56218740e+10
 -5.38649941e+10 -9.72203636e+10 -2.43366543e+08  5.47921596e+08
  3.25805217e+08  1.31977364e+11 -9.74337664e+10 -1.81583974e+11
 -4.60084796e+10 -5.11470843e+10 -1.83305090e+11 -6.75249364e+08
  3.96136140e+08  9.33410196e+08 -5.22088157e+14  6.10102717e+11
  4.02861020e+14 -6.94266655e+08  2.41355470e+07  8.25313445e+08
 -5.93397839e+12  2.01345869e+13  1.93205792e+13  5.20493953e+10
  5.85484927e+09 -9.65369424e+10 -9.02811138e+11 -2.85045499e+11
 -3.60019137e+10  1.52686321e+12 -2.55254804e+12 -6.59716267e+11
  1.40004694e+10 -1.38733406e+11 -1.77198415e+11 -1.25312585e+14
  4.27553021e+12 -6.35136764e+13  9.65668815e+08 -4.31196445e+08
 -1.16763729e+09 -1.56611789e+14  7.77417482e+14  9.61006945e+13
 -8.26759726e+09  8.71445379e+09  1.69803625e+10  8.68538914e+13
  4.17926825e+14 -2.08728211e+13  1.50842326e+12 -9.35458184e+11
 -1.01841443e+12 -1.53063939e+11  8.12146038e+07  1.89725844e+11
  2.11354112e+11 -1.60008035e+11 -2.09101013e+11  7.89256136e+11
 -6.80804158e+11 -1.01230961e+12 -3.32608195e+03 -1.43057436e+04
 -3.19920044e+03  6.04318391e+10  2.37168027e+10 -9.09322921e+10
  1.80092352e+11 -1.05006002e+11 -2.59454116e+11 -2.41680729e+11
  2.01067676e+11  3.71832493e+11  1.10397737e+14  6.07182902e+12
  2.54368315e+14 -7.73876804e+11  3.67366899e+11  8.32037087e+11
 -4.44958770e+10  2.78260862e+10 -2.12263721e+10 -7.35796026e+11
  5.12498351e+11  1.09098991e+12  4.71458723e+15 -4.06534608e+15
 -7.85692727e+16  4.32565762e+15 -4.29500532e+15  2.54478974e+15
  8.57845180e+08 -5.74700917e+08 -1.25874884e+09 -1.54750969e+13
 -1.23653679e+13 -1.92057993e+13  5.57520011e+10 -7.23009495e+10
  6.44284236e+09  7.05999343e+13  2.25086649e+13  1.01210022e+14
 -2.44351940e+11 -1.14169979e+10  4.91239534e+11  7.92575665e+10
 -3.45109049e+10 -1.02216187e+11 -1.37144980e+13  1.03009129e+13
 -5.02430730e+12 -2.01265613e+14  4.40658078e+14  2.38411021e+14
  1.78269742e+09 -9.71282643e+08 -2.37196006e+09 -1.80643696e+09
  8.68459192e+08  2.51670006e+09 -5.12208688e+10  5.95087614e+10
  1.91797067e+11  1.37960302e+20  7.62861994e+19 -9.31694254e+19
  4.87678742e+09 -1.92104035e+08 -2.84125599e+09 -5.56910192e+12
  9.08934428e+11  6.47533110e+12  2.01707931e+10 -6.46056273e+09
 -2.45462737e+10  5.90876478e+12 -3.01541510e+12 -5.54658658e+12
 -8.10190148e+07  4.89896893e+07  9.22791041e+07 -9.86653930e+10
  4.79389454e+10  9.39621271e+10 -1.36326741e+13  9.33675529e+13
  1.31375441e+14  3.87710274e+13 -1.56818722e+13 -4.15171198e+13
 -4.70935829e+09  6.07413473e+09  1.48188547e+11  6.22230921e+07
 -1.16557577e+08 -2.17878509e+08  7.94361685e+09 -5.12620301e+09
 -9.98999232e+09  2.85409566e+15 -1.24080805e+15 -1.94230093e+15
 -2.26821812e+14  4.53054247e+14  1.84862040e+14 -9.88593541e+14
 -1.42825736e+15  5.92244420e+15 -1.92954709e+08 -3.53091229e+08
 -9.12320822e+08  1.96270112e+10 -8.60509297e+09 -2.14550509e+10
  1.06500251e+05 -9.21999276e+04 -1.15101952e+05 -3.98478485e+13
  1.80558334e+13  5.98898727e+13  1.09214777e+10  3.39180465e+09
 -1.02310938e+10  6.33166350e+09 -3.63871914e+09 -3.50484844e+08
 -5.58088755e+11  2.60333966e+11  7.32277225e+11  5.41488616e+11
 -5.52609767e+11 -6.70840992e+11 -1.85011995e+11  1.49471821e+11
  2.87418716e+11 -1.63644736e+11  1.01819574e+11  2.57174059e+11
  7.65070224e+15 -5.34823155e+15 -2.14443087e+16  7.78018136e+10
  8.46277489e+10  3.04974978e+10 -1.64101770e+12  6.77247850e+11
  1.74861503e+12 -2.45970103e+12  1.11773982e+12 -4.33454082e+12
 -3.24504472e+14 -1.05715135e+15 -3.29134537e+14  6.37986603e+10
  3.31942529e+11  2.82061265e+11 -2.88917650e+12  1.34455915e+12
  3.54718859e+12  1.75667955e+12 -1.96121630e+12 -1.81900570e+10
  3.34303904e+09 -1.44169388e+09 -2.17350454e+09  6.28665745e+18
 -2.96896856e+18 -5.23914553e+18  8.46519148e+11 -5.84431222e+11
 -1.19769001e+12 -4.56626098e+11  3.48172082e+11  8.66999821e+11
  1.32752769e+13  2.84827110e+14  5.44884334e+13 -2.07469720e+09
 -1.41884727e+10 -2.31185493e+10 -2.00979901e+12  2.13230831e+12
  2.80169274e+12  2.29858137e+12 -7.74902148e+12 -3.27304694e+12
  6.42057209e+10 -3.58704373e+10 -9.17211025e+10 -2.91297172e+12
  1.16627172e+13 -1.34159560e+13  2.73221888e+08 -6.57551909e+07
  7.47604974e+08  4.46914293e+15 -8.01700379e+15 -2.94575869e+15
 -3.09702158e+12 -1.68723343e+12 -5.12576263e+12 -2.70926252e+12
  1.84137945e+12  2.45192856e+12  3.26472189e+11  1.29583236e+10
 -3.36590161e+11 -8.65460433e+11 -2.37043937e+12 -2.54366471e+11
  2.69091055e+16 -1.26984735e+16 -8.01881621e+14  7.99344574e+04
  2.80174201e+05  6.28604302e+04  3.25717862e+10  7.00260060e+10
  1.70004591e+11 -5.56530910e+08  7.65467234e+08  1.49705117e+09
 -3.52082395e+13  2.32334199e+12  4.92055509e+13 -1.35756465e+10
  1.05162385e+10  1.58201247e+10  4.02254527e+10 -2.10406868e+10
 -3.98528584e+10  4.98740295e+14 -1.06866673e+15 -5.64318385e+14
 -1.50687989e+14  6.95508797e+14 -6.33626013e+13 -2.22472379e+12
  5.18193289e+12  1.46920927e+13  3.80072077e+07  1.47820294e+06
  3.08286499e+06 -4.65081350e+13  3.22179034e+13  6.82188392e+13
  1.21680988e+15 -7.19418759e+14 -1.03206594e+15 -2.02057395e+11
  9.00239486e+10  2.01064060e+11  6.60161252e+13  1.86937072e+14
  3.99305950e+14  5.98141699e+09 -3.97272861e+09 -5.56650645e+09
  6.55371219e+11 -2.93542334e+11 -7.05892122e+11 -6.90067541e+13
  3.47253738e+13  8.73270343e+13  1.25606982e+11 -9.99981092e+10
 -1.30683972e+11  8.17575121e+14 -8.93131517e+15 -1.66790240e+16
 -5.16715817e+05  9.57382478e+03 -2.70330877e+06  3.67486142e+15
 -1.24168232e+15 -4.25034610e+15 -1.26783975e+12  4.50034749e+12
  9.37091895e+11  9.66680700e+12 -4.19918525e+12 -1.01754645e+13
  3.22334542e+13 -5.20396695e+13  1.33357386e+13  6.78660430e+14
 -3.22598153e+14 -3.46210930e+14 -2.11841831e+11  5.16336637e+11
  3.28047318e+11  2.93312132e+11 -8.57528817e+10 -2.82566517e+11
 -4.39337101e+11 -7.89357846e+11 -6.44520656e+12 -1.97438585e+15
  9.19491708e+14  1.81287793e+15  3.09848286e+12 -5.14384115e+11
  5.48056052e+12 -1.74114427e+14 -1.42914741e+14  4.18145953e+14
  3.76749412e+10 -1.63700691e+10 -5.40733596e+10 -6.14897238e+10
  9.51827019e+10  1.57731760e+10 -4.03879398e+15  2.76910308e+15
  3.78324615e+15  1.77588257e+08 -8.01405649e+07 -1.96141276e+08
  8.71832750e+11  2.43671695e+12  5.37617456e+12 -9.16326899e+07
 -1.24276100e+08  1.00182732e+08 -7.27520048e+12  3.00969507e+12
  8.55877520e+12  4.69666074e+08 -2.26380154e+08 -4.72190738e+08
 -8.69174600e+12  4.45249096e+12  8.87014158e+12  4.53641513e+10
 -2.16179362e+10 -4.10186504e+10  1.71852101e+14 -1.35523728e+14
 -3.17588743e+14 -1.56308976e+12  5.32273899e+10  1.45282172e+12
 -1.66501156e+14  1.62090864e+11  2.27884747e+14  2.81721864e+13
  7.24429472e+13 -2.73982042e+13 -2.75664601e+09 -7.46840084e+09
 -1.33336049e+10  9.43975596e+13 -3.90592794e+13 -1.24428459e+14
 -3.52851962e+09  3.55038746e+10  3.69977628e+10  3.33475805e+13
 -1.11402557e+13 -4.55806514e+13  7.31772697e+12 -1.08720220e+13
 -7.64048105e+12 -5.36175814e+09  1.84988048e+10  1.42077070e+10
 -6.26299901e+13  2.92851105e+13  7.36311161e+13  4.65442990e+13
 -2.75117565e+13 -6.40135000e+13  1.79827041e+09 -6.71338323e+08
 -2.36680214e+09  8.76013124e-01 -7.67075866e-01 -6.17936143e-02
  2.70943146e+12 -2.49240195e+12 -1.59208718e+12 -1.63253062e+12
  5.83946523e+11  2.15160732e+12 -2.54674236e+10  1.08771899e+11
 -9.97828352e+10 -1.91991660e+09  2.04578694e+08  2.66541505e+09
 -4.61994959e+11  2.14205861e+11  5.33697615e+11 -2.56133972e+13
  2.80962504e+13  6.31014388e+13  5.22141488e+06 -5.97571584e+06
  1.72632917e+06 -9.31674535e+11  8.65122853e+11  1.89937661e+12
  1.07092492e+13 -3.81723180e+11  4.68532210e+13  2.45237031e+11
 -7.46492522e+10 -3.03076020e+11  5.94291331e+12 -2.36218430e+12
 -7.74426772e+12  3.32323721e+10 -7.13193651e+09 -3.09572417e+10
  1.30753653e+10 -9.37092025e+09 -2.36535793e+10  7.86789391e+12
  2.25560382e+14  3.41936401e+14 -1.50979441e+11  2.39039370e+11
 -3.68150059e+11 -1.54731148e+11  5.86079052e+10 -5.25270062e+11
  7.49042051e+13 -8.43076710e+13 -9.52594090e+13  9.19627323e+12
  7.83251522e+12  7.56153095e+12 -6.34536554e+13  4.26485992e+13
  5.05931869e+13 -1.28118415e+13  3.49237205e+13  2.50441296e+13
  5.49874722e+14 -2.79434577e+14 -4.22411341e+14 -1.52501430e+13
  3.34053669e+12  1.12981332e+13  3.69227640e+09  2.03774950e+09
  4.25110474e+08  4.51916213e+12 -3.54369758e+12 -3.36236269e+12
 -2.39604017e+11  1.85672872e+11 -1.17655593e+11  7.77523582e+18
 -3.69952582e+18 -9.26830311e+18  1.75215101e+15  6.47089559e+14
 -4.72474490e+15  1.16973915e+12 -4.94111422e+11 -1.43479002e+12
  6.68223946e+13 -2.23843984e+13 -5.52276466e+13  5.30684931e+13
 -5.00486863e+13 -8.91482747e+13 -3.34762045e+09  5.78977175e+07
 -9.25006923e+08  1.11540592e+12 -5.39855439e+11 -1.40643533e+12
 -1.64180906e+11  6.69981543e+11  6.77380337e+11  7.76091679e+10
 -1.51445579e+11 -6.64279618e+10 -4.38638018e+08  4.08940377e+09
  2.43419455e+09  9.04156592e+08 -8.14652307e+09 -1.00013630e+10
 -4.61907199e+10  7.23428323e+10  1.38707206e+10  1.39627323e+08
 -4.20693294e+07 -1.50188502e+08  5.04472673e+11 -4.77172103e+11
 -5.13186821e+11  3.74730338e+10 -3.67764273e+10 -3.59534334e+11
 -1.95070682e+10  5.69858113e+09  1.65673073e+10  7.44313641e+08
 -3.26548287e+09 -3.44676118e+09  5.88549972e+14 -5.50756749e+14
 -5.46840407e+13 -1.26593084e+12  7.95084291e+11  1.59923025e+11
 -6.86674202e+11  5.01111398e+11 -4.88803431e+11 -2.35078787e+07
 -4.23101573e+08 -3.97623987e+07  7.65712775e+12 -5.92844477e+12
  4.19656596e+12 -2.62766630e+08  2.91770206e+08  4.62805294e+08
 -1.25493883e+11  3.22221942e+10  9.67937422e+10 -4.12049160e+11
  2.31262676e+11  5.46381104e+11 -2.02991852e+11  4.03833410e+10
  6.05006450e+10  1.00917345e+14 -7.98543968e+13 -1.61601701e+14
 -5.13092290e+14 -1.65753191e+15  5.83487653e+14 -9.34571274e+04
  2.77440347e+04  1.41612050e+05 -2.48523905e+08  2.57922187e+08
  3.47536983e+08  4.99819714e+07 -3.56036011e+07 -8.37236955e+07
  6.58507433e+07 -3.32538910e+07 -3.48520026e+07  8.70071526e+11
 -4.61902172e+11 -8.91779307e+11  1.09323623e+14  1.05630820e+13
  6.22765634e+13 -1.38272070e+12  2.50634505e+12  2.09334434e+12
 -8.08616547e+10  4.86166378e+10  1.15656294e+11  2.87216432e+08
  2.68976800e+07 -4.15991593e+08  4.45894132e+13 -1.02037974e+14
  1.48647633e+13 -5.47089582e+05  2.80131933e+05  3.99907850e+05
  1.07313673e+10 -4.89720641e+09 -9.68479895e+09 -1.01249998e+11
  1.10889474e+11 -3.68209204e+10  2.39205812e+14 -1.60954264e+14
 -2.39572887e+14 -5.48019186e+12  4.43935891e+12  3.51161558e+12
 -1.84918692e+16  2.24204939e+16  2.86305383e+16 -9.86294629e+12
  2.60596356e+12  1.12961142e+13 -6.54853932e+13  2.31141541e+14
  2.25974692e+14  2.87828549e+15 -1.20000908e+16 -1.22847979e+16
 -3.44424256e+07  2.19576517e+07  3.36904068e+07 -2.23405129e+12
  1.69781065e+12  1.09982782e+12  3.26872877e+11 -1.86649710e+11
 -5.40726141e+11 -9.34588801e+06  5.22490473e+06  1.02340262e+07
 -3.61375648e+14  1.60223479e+14  2.29602280e+14 -4.70184320e+11
  2.21980264e+11  7.35624633e+11  5.65479809e+10 -2.47200715e+10
 -6.66866941e+10  1.02522690e+12 -1.67761542e+12 -2.53351513e+11
 -4.58624027e+12  2.14066705e+12  3.49191420e+12  7.65595381e+11
 -5.59344189e+11 -1.36643358e+12  1.68252345e+10 -1.54629402e+10
 -3.16766578e+10  3.59950151e+12  6.97637090e+13 -7.95814557e+13
 -7.57829532e+08 -6.36116964e+07  7.85195767e+08 -4.37062905e+10
  1.95797706e+10  1.97914334e+10 -2.34830317e+13  5.56084908e+13
  7.52228314e+13 -6.11252169e+14  8.31231378e+14  2.78321162e+14
 -8.30290748e+13  1.15254753e+14  1.05108026e+14 -1.05618527e+15
  1.28640450e+14 -1.98990077e+15 -2.97050702e+12  1.52232395e+12
  3.04330096e+12  7.49256420e+13 -2.77255444e+13 -8.60224243e+13
  9.35475206e+12 -1.76854568e+13 -3.85471612e+13  1.88944286e+12
 -4.24145669e+12 -2.74635142e+12  3.96370251e+11 -1.49312935e+12
 -3.03345339e+11 -5.52051353e+09  1.00467084e+10  3.26311641e+09
 -2.80849960e+04 -3.97461425e+04 -6.52551749e+03 -6.77637254e+06
  5.18143092e+06  1.00962534e+07  1.16717879e+12 -1.50805782e+12
  2.63566944e+12  8.23128445e+04 -3.07636492e+04 -2.26211611e+05
  4.44374700e+14 -3.18193685e+14 -3.85631610e+14  3.18187238e+09
  2.95277822e+09 -2.92664744e+09  1.74659230e+11 -3.18435400e+11
 -2.08642919e+11  1.53805562e+12 -6.66874680e+11 -2.49476344e+12
  1.80998234e+12 -1.44764301e+12 -6.03167426e+11  6.87272326e+14
 -9.78026936e+14 -6.67439683e+14  1.31245103e+11 -1.08566045e+12
 -4.19821538e+11  4.99081326e+09 -4.92331018e+09  3.92893473e+09
 -1.22708161e+13 -1.38987472e+12  1.75855138e+13  3.92615726e+11
 -2.25310308e+11 -3.85539155e+11  1.37614410e+15 -4.00900480e+14
  7.17076438e+14  6.84047909e+10  4.94695344e+11  1.00321883e+12
 -6.25382569e+14  4.26572165e+14  9.78007741e+14  9.54472874e+08
 -1.20636199e+09  1.47318942e+08 -5.70824096e+12  2.77390358e+12
  7.13975802e+12 -1.05050143e+13  3.95408122e+13  3.80692577e+13
 -2.14087185e+13 -8.88920437e+14 -1.35696793e+15 -4.52867105e+09
 -1.21474660e+10  1.56257250e+10  1.59651335e+11 -6.65576684e+10
 -1.93223349e+11  6.29082354e+10  6.06217245e+11 -1.64117715e+12
  1.05192219e+11 -3.56725688e+10 -1.29926820e+11  6.36078688e+11
  1.42057237e+12 -9.91766001e+11  1.48365267e+13  3.43102325e+12
  3.01021634e+13 -6.28275910e+08  1.40729151e+09  6.63213090e+08
  1.19648970e+09  2.70550194e+08 -7.66109204e+08  3.49300282e+09
 -2.13797503e+09 -5.50029494e+09  3.48665477e+11 -1.63980829e+11
 -4.25396312e+11 -1.89020728e+12  6.77257688e+12  1.80730172e+12
 -2.49284422e+12 -1.28837788e+12 -8.57972063e+12  4.10403064e+11
 -2.15920237e+11 -4.11172908e+11  1.49287850e+13 -3.41140329e+12
 -1.76329698e+13 -3.44037853e+13  1.40079896e+13  3.30896427e+13
 -3.41532306e+11  8.92264739e+10 -5.76355147e+11 -2.94779253e+11
  6.56837990e+11  3.35901349e+11  7.63143364e+12 -1.48251131e+13
 -8.83321699e+12  2.24852057e+12 -1.41123491e+12 -3.29183096e+12
 -4.09336669e+11  1.77544442e+11  4.34176848e+11  1.61688331e+10
 -3.03187842e+10 -1.23257303e+10  6.65742169e+11 -2.84540205e+11
 -6.45922395e+11  8.43222359e+06  2.53418781e+07  2.78521871e+06
  3.59551488e+16 -2.39996936e+16 -2.13789541e+16  4.50126595e+01
 -4.22098843e+01  5.51933586e+01  1.85322446e+11  3.55157630e+12
  2.56468687e+12  1.86760726e+11 -1.70305476e+11 -6.31151513e+10
 -2.99334605e+15  1.50320191e+15  2.96402924e+15  3.20506240e+11
 -1.18426336e+12 -1.73367009e+12  1.00973417e+12  3.77605788e+12
  7.59686171e+12 -2.13002655e+12 -6.12088303e+11  1.91592526e+12
  1.51432911e+11 -7.34396706e+10 -1.43106687e+11  1.25812950e+13
 -5.56017876e+12 -9.14206946e+12  5.47776833e+10 -3.05369043e+10
 -5.58004986e+10 -1.83346282e+10  7.91727669e+09  2.02444494e+10
 -4.03965910e+15 -3.14740409e+15  6.05450509e+15 -7.60095907e+08
  1.74037643e+09  1.01414113e+09 -6.51617985e+14  2.82949200e+14
  6.40190339e+14  1.57232412e+13 -9.61944547e+12 -2.30080298e+13
  1.50538287e+09 -5.23481102e+09  8.62609814e+07 -3.27268525e+12
  1.34355048e+12  2.84186573e+12  6.63506227e+08  1.95290724e+08
 -6.98111861e+08  2.19721611e+11  4.41354454e+11  1.14935206e+10
  9.04677905e+11 -3.93160276e+11 -8.74156148e+11  6.05441269e+13
 -1.88631104e+14 -1.29128962e+14  9.17894473e+09 -6.43594589e+09
 -1.05632480e+10  1.76386806e+10  3.66647096e+10 -3.74526983e+10
 -3.29938893e+11  4.11960065e+11  2.02888570e+12  3.92889696e+08
  1.21316807e+09 -9.22797779e+08 -5.55022995e+11  2.44537007e+11
  4.47778231e+11 -4.70293694e+08  1.47779005e+09  1.09331957e+09
 -3.58834264e+09  2.37751647e+09 -1.00592744e+09 -1.30267412e+14
  6.32531219e+13  1.65987208e+14 -1.45179677e+09  9.06787442e+09
  1.36492806e+10 -5.03513210e+11  2.70221469e+11  6.61358154e+11
  2.10240023e+08 -8.50398333e+07 -2.48399045e+08  6.14109608e+10
 -2.96180569e+11 -1.11879470e+11 -5.67144248e+12  2.82841397e+12
  5.48124146e+12 -1.60692887e+10 -9.37718851e+10 -1.65004282e+11
  6.81760113e+12 -5.96398003e+12 -1.17122200e+13 -1.29104632e+12
  5.81468785e+11  1.35447879e+12  2.05552875e+08  1.19232403e+07
  1.73684457e+08  4.32626158e+12 -3.13475442e+12 -6.60434208e+12
 -8.08985666e+07  4.24814153e+07  1.01334204e+08 -1.16557768e+12
  1.05557152e+12 -1.45625487e+11  3.44658064e+16  3.47618113e+18
 -8.26577116e+17 -1.92908504e+12  1.78421563e+11  2.81938063e+12
 -2.12534170e+13  1.08090301e+13  2.11905281e+13 -1.79335227e+15
  9.77797483e+14  2.55169980e+15  4.88472284e+10 -5.52274102e+10
 -2.32170405e+11  7.31353317e+11 -1.95545055e+11  6.66421693e+10
  3.74036156e+12  2.30494064e+12  1.07974494e+13 -2.68186890e+06
  1.53030916e+06 -1.88145092e+06  1.26921093e+12  2.00181086e+12
  4.67693317e+12 -2.08193595e+20 -3.29526888e+19  3.70856875e+17
  3.67602792e+15 -1.30731961e+15 -6.28363199e+15  8.01472883e+07
 -3.87678299e+08 -4.20066500e+08 -6.90344433e+11  5.85238436e+11
  7.21607024e+11 -3.63462324e+09  3.01471899e+10 -1.97434191e+09
 -1.77129980e+10  8.01066635e+09  1.22826167e+10  5.54025668e+12
 -2.35998511e+13 -2.09532630e+13  2.46278238e+14 -3.02589746e+14
  5.44395950e+13 -1.16452441e+09  8.10908256e+08  1.72684201e+09
 -2.17415923e+12 -2.79909700e+12  2.82020367e+12  3.33796502e+12
 -9.37655781e+12 -7.84453595e+12  2.57218042e+05 -7.17911422e+05
 -5.00571114e+05  3.47302523e+16  3.59368367e+16  1.22263408e+17
 -5.85498377e+14  3.64088252e+14  1.60951410e+15  1.84434927e+12
 -8.19467875e+12 -8.54873203e+12  1.42124887e+15 -6.24646473e+14
 -1.47253435e+15 -2.28121653e+13  9.90757715e+12  2.44185684e+13
 -3.56679729e+09  9.45491845e+08  8.16294159e+09  4.72758196e+07
 -3.75714955e+07 -9.39030746e+07  1.07127670e+12 -4.81712548e+11
 -8.01899171e+11  7.81522790e+11 -3.40383309e+10 -1.80366558e+12
 -7.83298019e+07  2.82097517e+07  5.82326558e+07 -2.99461480e+12
  2.77071935e+12  6.22335787e+12 -8.37660353e+11  6.58284712e+11
  1.20687435e+12 -6.09784233e+10  2.96754220e+10  6.25288102e+10
  2.86876916e+11  1.24969570e+11 -8.44623686e+10 -1.09802352e+13
  7.62949402e+12  1.85825745e+13 -4.64089701e+10  4.17849909e+10
  4.04826474e+10  2.11919451e+13  1.87031097e+13 -5.80699213e+13
 -1.78467894e+11  2.17252993e+11  9.00531247e+10  1.23888703e+13
 -5.68102709e+12 -1.27737202e+13  2.53520737e+11 -1.32577115e+11
  3.15100702e+11  4.26113128e+13 -9.06688029e+13 -1.35720543e+13
  4.89582061e+08  6.67346140e+08 -5.99895224e+08  5.60094303e+14
 -2.53457248e+14 -7.41567512e+14  2.83757711e+14  7.95224318e+14
 -2.10514176e+15 -4.24281431e+13  1.10231558e+13  5.05816964e+13
 -1.48266522e+13  6.19085118e+12  1.72358898e+13 -3.09591200e+10
  1.82725189e+10  3.19507190e+10  1.39801345e+10 -3.04700172e+09
  3.40635539e+09  4.78052648e+13 -1.82653638e+13 -6.94686914e+13
  2.51491446e+11 -3.15022576e+11 -2.00269138e+11 -1.83633430e+10
  1.45738748e+10  4.33661209e+10  6.30848354e+12 -2.76572589e+12
 -4.32931375e+12 -1.69966955e+14 -6.88191815e+14  1.59657724e+14
  2.41448008e+14 -1.24004243e+14 -2.86277712e+14  1.73704158e+14
 -2.77209545e+14 -2.87098527e+14 -9.13673657e+04 -1.26982353e+05
 -3.03469088e+04  2.89095162e+05 -6.12644704e+05 -3.10083785e+05
  5.66138111e+14 -2.94870630e+14 -8.65973082e+14 -2.70731660e+07
  9.97546169e+06 -2.13118830e+07 -1.19538971e+13  5.00659376e+12
  1.15841544e+13 -1.05876143e+13  3.10731157e+13  1.04930610e+13
  4.16804925e+14  9.99001828e+14 -9.62188063e+14  9.99779028e+12
 -8.61323679e+12 -1.20611535e+13 -1.05659840e+12  3.16093053e+11
  8.50373850e+11 -4.42588235e+11  3.40024680e+11  6.58810760e+11
 -6.42912806e+08  2.73771383e+08 -1.51814910e+08  1.64808777e+14
 -7.93614922e+13 -2.24093138e+14 -2.44045242e+10  3.57124582e+10
  4.25357231e+10  8.29230555e+10 -3.12042230e+10  1.17249164e+11
 -7.29160856e+09 -1.20366833e+11 -7.43249833e+10  1.50018523e+09
 -7.22399146e+08 -6.25820751e+08 -7.44965076e+08  3.76667465e+08
  7.49998234e+08 -1.84699031e+09  7.73953820e+08  2.48053198e+09
  6.09848786e+12 -1.30993919e+13 -6.95382352e+12  1.01740927e+13
  1.49983826e+13 -2.63423991e+12 -7.01119071e+13  4.73403020e+13
  7.33273576e+13 -8.91799372e+12  3.01653172e+12 -7.16931105e+11
 -2.13843780e+13  9.57932664e+12  1.68280738e+13  2.75763415e+09
 -1.38739742e+09 -3.59704688e+09  4.57364810e+13 -2.16395709e+12
  1.20236822e+14 -1.86702314e+12  2.21473220e+12  2.05972478e+12
  2.17286169e+06 -1.67975303e+06 -4.11986060e+06 -1.24525054e+11
 -1.88360414e+11  2.00863197e+11 -4.68343704e+09  8.84724701e+08
  7.57071058e+09 -5.74125770e+13  2.49074578e+13  5.83800203e+13
  1.24711069e+12 -4.45766929e+12 -5.74063901e+12 -8.56512673e+02
 -1.03369472e+03  1.08701011e+03 -4.03022335e+10  1.56110990e+10
  3.58401345e+10 -1.89157594e+12  8.68527269e+11  2.26983187e+12
 -7.02301288e+12  5.58218787e+12  6.40303551e+12 -1.12232681e+09
  1.35820682e+09  2.40556259e+09 -2.27948788e+10 -3.37441848e+10
  3.97067500e+10  3.80028850e+15 -1.97890652e+15 -4.80007137e+15
 -6.09993485e+14  4.36076060e+14  9.69682874e+14 -5.10501339e+12
  2.52556560e+12  5.13344337e+12  3.11199980e+09 -1.12995173e+10
 -1.06979467e+10 -4.94978482e+11  3.29411512e+11  5.08768660e+11
 -1.67678211e+06 -2.31193820e+05  1.23027509e+06 -2.29530657e+12
 -2.15251706e+12  4.52591285e+12  5.41052632e+10 -1.44594014e+11
 -7.89778293e+10  1.77785583e+13 -1.08452905e+13 -2.60921503e+13
 -1.69052947e+11  4.17041267e+10  3.00491669e+11 -1.21481274e+12
  8.39811399e+11  1.98684875e+12  2.68151490e+09 -1.31160782e+09
 -2.18918568e+09  1.04721854e+11 -7.98297074e+10 -3.66818132e+11
  2.10442439e+04 -9.94255970e+03 -2.70175924e+04 -1.00304127e+09
  1.24198481e+09  2.41227505e+09  2.82801324e+13 -6.48127116e+14
 -8.96604331e+14 -4.26186162e+06  2.10280428e+06  4.29967880e+06
 -7.91975296e+11  1.51415823e+13 -2.06561488e+12 -6.51776304e+12
  3.78693555e+12  7.11369564e+12  2.60985534e+12 -1.05573111e+10
  8.28393285e+11  1.23829943e+14  1.29364960e+12  5.01527423e+13
 -7.28494176e+04  1.14746291e+05  2.20737955e+04  1.21425990e+13
 -5.05198281e+12 -1.28347720e+13  1.59114239e+10 -9.93585090e+09
 -2.14514868e+10  4.38542812e+10 -2.02393944e+10 -4.94918993e+10
  1.80366466e+11 -8.52455415e+10 -1.68097170e+11  5.29339990e+12
 -4.67784203e+12 -5.62540953e+12  3.85792835e+13  5.88743099e+13
 -2.48577928e+13 -1.44134956e+11  1.49465985e+11 -4.48871798e+10
  1.86584484e+14 -7.17919617e+13 -9.73716610e+13  6.04635522e+08
 -5.62370716e+08 -5.83789496e+08  7.28620685e+11 -4.05274787e+11
 -8.36137491e+11  6.76166836e+12  2.65393351e+14 -9.92152855e+13
  2.83929461e+12  2.75551286e+13 -1.72192977e+13  3.03436642e+10
 -1.52391924e+10 -2.93997943e+10  2.66009650e+09 -1.31246934e+09
 -3.18173696e+09  7.63424354e+13 -4.10478825e+13 -2.46550548e+13
 -2.62404846e+12  1.90913684e+12  2.70985002e+12  6.02255241e+11
 -1.56645635e+11 -9.28092886e+11  3.26258258e+12 -2.45489868e+12
 -2.49262545e+12 -9.14210702e+14  2.67915330e+14  7.45985817e+14
  8.70645415e+12 -4.20894477e+12 -9.96967470e+12  2.58015845e+11
 -7.67638763e+11 -7.00109140e+10  5.39478140e+08 -8.94918376e+07
 -5.96497353e+08  4.80017410e+11 -5.04138118e+11 -9.38923331e+11
  6.72230258e+11 -5.55113807e+11 -7.94088234e+11  6.49126558e+12
 -2.59835635e+12 -5.46426022e+12  5.84943460e+07 -6.18563721e+07
 -4.21810436e+07  1.63143189e+10 -6.30475396e+09 -2.07612538e+10
  2.61949074e+08 -1.38311732e+08 -2.23448665e+08  4.81031058e+07
 -4.22752378e+07 -6.51062143e+07  1.80070434e+05 -3.68182721e+04
 -1.41937846e+05 -2.71673388e+05  1.15784328e+05  2.77147012e+05
 -5.66975005e+11  2.24190997e+11  4.65793614e+11 -1.08264853e+12
 -6.00583762e+10  2.62515423e+12 -1.53881202e+11  2.39893374e+11
  4.54826540e+10 -1.33514389e+10  5.19225973e+09 -2.94293684e+10
 -5.00212850e+12  2.29134941e+12  5.21562234e+12 -2.12833165e+12
 -2.11978251e+12 -1.34810415e+13 -2.14109290e+12  1.50369882e+12
 -2.16024308e+12 -1.42194673e+11  3.96794308e+10  2.03879915e+11
  2.28656448e+13 -1.21367509e+13 -3.98750339e+13 -3.91182746e+15
  2.43469409e+16  2.62958488e+15  1.40042695e+12 -6.44779596e+11
 -1.43370289e+12 -1.38202990e+10  1.28286725e+10  2.95891208e+10
  2.81914154e+10 -4.20682692e+11  5.54651415e+10  1.25789075e+12
 -1.96032888e+12 -3.68050496e+11  1.75157174e+11 -3.55168551e+11
 -6.40574459e+10 -1.51870213e+10 -1.55171708e+10  3.48017064e+10
 -1.05554072e+10  4.65195293e+09  1.13894114e+10 -3.89811366e+09
  5.93237842e+09 -4.04146518e+09 -2.50811858e+12  3.02813667e+11
 -4.26217826e+12  4.64511898e+13 -1.60605903e+13 -6.27183243e+13
  5.96545548e+09 -2.42530149e+10 -3.00043676e+10 -8.92622262e+11
  6.19904297e+11  1.26821872e+12  5.67912811e+08 -2.63982660e+08
 -5.91085296e+08  3.74909260e+11 -7.20866217e+11 -2.43297290e+11
  1.56202087e+09 -7.03827932e+08 -1.93760748e+09  5.93191719e+06
 -3.84770389e+06 -1.23588543e+07 -2.01011221e+12  1.06151059e+12
  1.25015359e+12  5.45980282e+10 -4.44483126e+10 -1.93814214e+09
  3.04846185e+13  3.54391527e+13 -1.95768003e+14 -8.05266097e+08
  3.44121452e+09  3.81621692e+09  1.07803270e+10 -6.82074464e+09
 -1.55305481e+10  2.54790501e+12 -1.43329946e+12 -2.60412570e+12
 -4.29783163e+15  3.92569691e+15  5.21541868e+15 -4.11559731e+16
  1.91627306e+16  4.39914415e+16 -3.81783116e+12  1.35609694e+13
  4.96290396e+12 -1.30357874e+12  2.73478335e+12  1.47601010e+12
 -2.43129012e+12  1.72742293e+13 -1.95842008e+13  3.01542352e+16
 -1.58528313e+16 -1.63255920e+16  2.29947402e+10 -2.94306268e+10
 -1.46063437e+10 -8.37447275e+09  6.19669741e+09  1.61741282e+10
  6.19768260e+10 -4.79434572e+10 -7.49863990e+10  6.39397314e+09
 -1.29286557e+10 -5.77270119e+09  1.05985888e+13 -5.25437869e+12
 -1.02462109e+13  1.57275749e+10 -9.90248035e+09 -2.33019938e+10
 -4.24584844e+11  1.65186654e+11  3.49688774e+11  5.83639195e+12
  4.25102931e+12  7.06509623e+12  1.16035442e+17 -6.60004591e+16
 -1.27400423e+17  1.51243077e+10  5.38355670e+10 -1.91760117e+09
 -5.11568280e+04  9.90112225e+04  5.85672878e+04  2.43781842e+08
 -3.19148795e+08 -1.09238634e+09 -5.60010030e+12  2.53147055e+12
  6.19634851e+12  2.00480021e+11 -5.91595858e+11 -4.59577394e+11
  6.83816022e+10  3.20516707e+10  2.32986676e+11  4.40055387e+09
 -2.77178627e+09 -6.55083538e+09 -2.37313985e+13  1.95832315e+13
  2.78714681e+13 -2.76361818e+09 -4.01250838e+10 -1.86345494e+11
  8.13965685e+22 -4.35782741e+22 -3.51826941e+22 -2.61702264e+13
  1.22513245e+13  2.29819046e+13 -1.26274748e+12  6.96757920e+11
  1.64113121e+12  8.58011174e+12 -1.52605145e+13 -5.11610575e+12
  5.87899685e+11 -7.30889560e+11 -2.71388179e+11  1.75768606e+09
 -1.32644337e+09 -2.10221546e+09 -1.93424473e+08  9.34496956e+07
  1.84108723e+08 -2.19486303e+12  7.41016856e+11  1.17511353e+13
  5.99129945e+10 -1.39812339e+09 -4.22901755e+10 -2.39948078e+16
  2.02510281e+16  9.66856223e+16  2.56621197e+12 -1.28462093e+12
 -3.17306958e+12  8.98662028e+11 -7.90625461e+13 -7.08108830e+13
  2.13521470e+12 -1.40008173e+12 -3.71941453e+12  6.44335779e+11
 -3.98554718e+11 -9.35473170e+11  2.92756250e+10  7.94091712e+10
 -1.02197191e+10  1.22956681e+09  1.37933749e+09 -1.00428148e+09
 -4.14409913e+12  7.82636501e+12  3.81399112e+12  1.85704246e+09
  3.77502951e+09  6.48362123e+09  7.06886463e+14 -7.46147654e+14
 -2.31953179e+15 -7.56398273e+13  8.30151423e+13  1.02161724e+14
  6.89838359e+06 -1.42726935e+07 -1.21110863e+07 -1.47704701e+11
  8.23575994e+10  2.05869159e+11  1.82926718e+11 -6.39742620e+11
 -5.78219263e+11 -1.97161399e+09 -9.47957230e+08  1.20111935e+09
  2.90098595e+11 -3.41685928e+11  9.23856014e+10 -3.47363369e+08
  1.58647994e+08  3.88742916e+08  2.05074483e+14 -5.91784901e+13
  1.07895570e+14 -5.81652120e+11  1.25020895e+12  6.53344922e+11
 -1.37167570e+15 -1.61760610e+15  3.33756390e+15 -1.10966761e+12
  1.28905827e+12  1.87532831e+12 -2.46669271e+09  1.18560044e+09
  1.83680190e+09 -1.31546369e+11  8.87747330e+10  1.54658097e+11
  3.79464579e+10 -1.88430099e+10 -3.10474556e+10  6.92404376e+14
 -1.16889595e+15 -3.27309881e+14  7.90026843e+09 -1.35492115e+10
 -1.12570849e+10 -2.63181215e+11  8.85239255e+11  6.32700741e+11
 -2.47677520e+10  1.24298205e+10  1.95761424e+10  8.45782778e+13
 -3.49497605e+14 -2.86575965e+14  1.39492707e+10 -4.09980477e+09
 -1.78813053e+10 -5.31787319e+11  7.09973902e+11  1.95825573e+12
  2.24423115e+11 -1.08993706e+11 -2.09988174e+11 -7.81495042e+15
  3.29688403e+15  1.05004710e+16  5.59713688e+15 -2.17817494e+15
 -6.91665899e+15 -2.69371770e+14  1.38891320e+14  4.02578151e+14
 -3.51796328e+08  6.51063148e+08  5.95066071e+08 -1.64594803e+10
 -1.04724333e+10  1.49906804e+10 -3.62553007e+09  1.84825016e+09
 -1.39044988e+08  1.06861557e+11 -8.11712772e+10 -9.75934991e+10
  5.60973259e+12 -3.62025375e+12 -4.67707422e+12 -2.12007082e+12
  1.64549469e+11  1.84355073e+12  3.04699499e+15 -1.48302808e+15
 -3.26578006e+15 -2.51851429e+12  3.12320662e+12 -5.18553706e+11
 -2.03045261e+11 -1.75212552e+10 -1.22206747e+11 -8.42522743e+13
  7.96528594e+13  6.13861032e+13 -3.55396347e+10  1.51044920e+11
  1.54587165e+11 -3.63432962e+10  1.53513831e+10  3.84287736e+10
  1.17438266e+05 -1.02435778e+04 -1.80310107e+05 -3.45867420e+10
  1.52037691e+10 -4.84738466e+10  4.78634610e+06 -2.67291415e+06
 -4.96327054e+06  2.01635749e+11 -1.10365271e+11 -2.08489947e+11
  1.21593936e+13 -5.54436529e+12 -8.65283779e+12  3.22092743e+10
 -1.96431877e+10  8.48028914e+10 -1.12556729e+13 -2.57104361e+13
  1.61880569e+13  3.71056041e+15 -1.70293801e+16 -2.50350604e+16
 -2.41974582e+15  1.18957909e+15  2.49405431e+15 -6.86711609e+09
  2.68617260e+09  8.09767865e+09 -6.62679675e+12  3.74219267e+12
  8.92455620e+12 -8.67818157e+13  1.49950023e+14  1.26586119e+14
 -1.06264208e+17 -1.85678032e+17  1.88848624e+17 -5.14046892e+09
  6.15415420e+09  4.26941622e+09 -3.63081867e+12  1.07069891e+12
  4.12384346e+12 -3.08095353e+10  1.68862983e+10  3.03652874e+10
  1.24493005e+14 -4.72407714e+13 -1.37811804e+14 -7.30141098e+01
 -2.67767274e+00 -1.58415846e+02  1.46910544e+17 -1.08708613e+17
  1.17381204e+17  2.44982399e+11  1.62010520e+12  2.84064836e+12
 -1.54061375e+12  1.27449079e+12  2.86010246e+12  1.29216077e+14
 -9.79979164e+13 -2.43348631e+14 -6.31490115e+10  3.98723261e+10
  9.06609982e+10  4.93799162e+07 -2.42997477e+07 -4.34070967e+07
  2.17027095e+10 -1.87510387e+10 -2.00359001e+10 -2.71508901e+12
 -4.22774356e+12  3.17870744e+12  2.44072408e+12 -5.32319437e+10
 -2.99474218e+12  5.69504831e+07  1.13232185e+08 -2.30375619e+07
  9.77312675e+12 -5.91447188e+12 -1.39318558e+13  1.64869259e+11
 -6.04704720e+11 -7.22619826e+12  1.25089056e+11 -1.01384775e+11
 -1.64294501e+11  1.37045725e+16 -6.03835298e+15 -1.54448885e+16
  2.32895425e+12 -1.00013800e+12 -3.35059125e+12 -2.42367244e+13
  1.57749388e+13  9.06408724e+12  1.43016423e+14 -2.49275318e+14
 -9.12193764e+13  2.75637507e+12 -2.39926929e+12 -4.22249597e+12
  7.18856272e+14 -2.05427347e+14 -5.55344625e+14 -1.52575928e+09
  1.83863784e+09  1.51622113e+09 -1.28385193e+06  6.42345757e+05
  1.70347152e+06  2.74896582e+09 -2.65628118e+08 -5.56535899e+07
  3.81316564e+12 -4.48993288e+12 -2.05559238e+12 -6.96202710e+03
  8.92382617e+02  1.10203852e+04  9.37713414e+15 -1.29875219e+16
 -1.73345236e+16 -2.78052686e+14  1.08167164e+14  2.27678956e+14
  8.68169247e+11 -4.41466013e+11 -5.83446686e+11 -2.71597999e+15
  1.62841921e+15  2.85236824e+15  1.59059957e+14 -9.75657193e+13
 -6.27848646e+13 -3.56113114e+15  3.47623827e+15  6.47455939e+15
  6.50926009e+15 -3.14170689e+15 -6.22500051e+15 -3.69086420e+08
 -2.92675724e+09 -1.86211350e+09  1.19289033e+12 -4.11560247e+12
 -3.96282051e+12 -6.53490309e+14  4.11383115e+14  1.10018870e+15
  1.25493860e+08 -6.19176589e+07 -5.62173470e+07 -2.44519532e+12
  1.36410496e+12  3.53880673e+12  1.72211651e+13 -8.42346110e+12
 -2.10203351e+13 -1.39108225e+14  6.15557515e+13  1.46226018e+14
 -1.26002617e+11  9.63314823e+10  1.62834983e+11 -1.49644832e+11
  7.13228507e+10  1.29941891e+11]