[ 2.30345413e+00  1.74535141e+00  1.30216408e+00  5.30386646e+00
  1.85698512e+00  8.06954700e-01  1.65264331e-02 -2.26230675e-01
  1.24529968e+00  1.09778570e+00  5.88170445e-01  3.73160358e-01
  3.06114069e+00  1.23627123e+00  1.34986443e+00  4.75326409e+00
  3.70835237e+00 -7.34294701e-02  4.99557502e-01  2.51676050e-01
 -3.45665850e-01  4.14257515e-01  2.06013380e-01 -3.60389381e-01
  4.00119469e-01  1.99545373e-01 -3.63667207e-01  3.82877602e-01
  1.86026941e-01 -3.84893982e-01  3.83031847e-01  1.86418183e-01
 -3.86933124e-01  3.72527229e-01  1.79696356e-01 -3.95137829e-01
  3.64346473e-01  1.74226766e-01 -4.02494924e-01  3.52762357e-01
  1.70213635e-01 -4.00294947e-01  3.41674685e-01  1.65047419e-01
 -4.00421696e-01  3.30568119e-01  1.61888647e-01 -3.91917885e-01
  3.20234656e-01  1.58062155e-01 -3.87652813e-01  3.04092943e-01
  1.50955353e-01 -3.82962046e-01  2.93364162e-01  1.49102592e-01
 -3.72587977e-01  2.80984775e-01  1.43063931e-01 -3.70743710e-01
  2.67419340e-01  1.38454684e-01 -3.63403503e-01  2.61287935e-01
  1.38270138e-01 -3.55154691e-01  2.49073329e-01  1.37782449e-01
 -3.35991842e-01  2.34241222e-01  1.33512311e-01 -3.24621906e-01
  2.24238914e-01  1.32165326e-01 -3.13590169e-01  2.16386118e-01
  1.34348945e-01 -2.94837522e-01  2.10538638e-01  1.36654237e-01
 -2.79463305e-01  2.05025166e-01  1.43622975e-01 -2.47853055e-01
  1.96048652e-01  1.44100490e-01 -2.30955105e-01  1.88666320e-01
  1.47905533e-01 -2.06200307e-01  1.81447060e-01  1.51842410e-01
 -1.80949917e-01  1.68246238e-01  1.52429572e-01 -1.52154701e-01
  1.59669463e-01  1.59553129e-01 -1.10817155e-01  1.49501827e-01
  1.64836707e-01 -7.10976583e-02  1.41359332e-01  1.69282849e-01
 -3.64523060e-02  1.27489521e-01  1.73148141e-01  7.50904050e-03
  1.13258819e-01  1.77442053e-01  5.33837741e-02  1.00433551e-01
  1.81596301e-01  9.57994036e-02  9.20173734e-02  1.90049907e-01
  1.44798659e-01  7.35293516e-02  1.90499722e-01  1.85284824e-01
  5.61926347e-02  1.91906144e-01  2.27965826e-01  3.83997185e-02
  1.95725075e-01  2.80621989e-01  1.85114635e-02  1.96905705e-01
  3.26555681e-01  2.99668370e-03  2.01389274e-01  3.77947790e-01
 -1.84557737e-02  1.98052228e-01  4.14116172e-01 -4.77032346e-02
  1.96633445e-01  4.73257767e-01 -6.87363004e-02  1.98266491e-01
  5.26584701e-01 -9.04423227e-02  2.04277142e-01  5.96045175e-01
 -1.05041421e-01  2.08525487e-01  6.44472977e-01 -1.36295137e-01
  2.07574899e-01  7.09224813e-01 -1.61969798e-01  2.10125772e-01
  7.75209061e-01 -1.85994414e-01  2.21159635e-01  8.67435159e-01
 -2.02530906e-01  2.29703249e-01  9.34142854e-01 -2.30330212e-01
  2.31224167e-01  1.00107010e+00 -2.46296498e-01  2.43874507e-01
  1.08144074e+00 -2.65587068e-01  2.59941639e-01  1.18217321e+00
 -2.81030780e-01  2.71788452e-01  1.25851195e+00 -3.06719315e-01
  2.78939153e-01  1.34142538e+00 -3.19482417e-01  2.90688231e-01
  1.41398562e+00 -3.25503114e-01  3.13169670e-01  1.50810002e+00
 -3.31807870e-01  3.36526554e-01  1.60661430e+00 -3.35097855e-01
  3.46603129e-01  1.65538640e+00 -3.52650274e-01  3.61680297e-01
  1.74659068e+00 -3.63655873e-01  3.86810326e-01  1.85866466e+00
 -3.88457624e-01  3.97865133e-01  1.95111748e+00 -3.91187220e-01
  4.24876707e-01  2.05501029e+00 -4.18113023e-01  4.39825633e-01
  2.16465865e+00 -4.40963773e-01  4.55293177e-01  2.26891475e+00
 -4.67738889e-01  4.70760949e-01  2.38026757e+00 -4.95746465e-01
  4.93193181e-01  2.51886835e+00 -5.16163265e-01  5.06947275e-01
  2.61111595e+00 -5.15167193e-01  5.33976049e-01  2.70730696e+00
 -5.35626305e-01  5.53734038e-01  2.82109752e+00 -5.42473632e-01
  5.73188425e-01  2.90857447e+00 -5.37856435e-01  5.88368006e-01
  2.95704863e+00 -5.54471537e-01  5.96566301e-01  3.02498392e+00
 -5.59292234e-01  6.10849949e-01  3.08937176e+00 -5.51409705e-01
  6.21755896e-01  3.11721641e+00 -5.42551509e-01  6.37012562e-01
  3.15539537e+00 -5.30854341e-01  6.50689889e-01  3.18522098e+00
 -5.00246232e-01  6.72209047e-01  3.20503482e+00 -4.69882617e-01
  6.96917915e-01  3.23488548e+00 -4.46172861e-01  7.10398114e-01
  3.24021196e+00 -4.11984875e-01  7.28300981e-01  3.23842485e+00
 -3.88390579e-01  7.39457652e-01  3.23333022e+00 -3.40936915e-01
  7.66887122e-01  3.24340832e+00 -3.07552739e-01  7.84954919e-01
  3.24518726e+00 -2.61192694e-01  8.14219072e-01  3.26203147e+00
 -2.21900805e-01  8.26102260e-01  3.22983053e+00 -1.70556458e-01
  8.49599413e-01  3.21481723e+00 -1.43584117e-01  8.59452078e-01
  3.19925895e+00 -1.03230835e-03  9.23496637e-01  3.16121980e+00
  6.58075876e-02  9.53029602e-01  3.14070039e+00  2.62052432e-01
  1.03260191e+00  3.05016023e+00  1.30469544e+00  1.16329880e+00
  1.35730282e+00  1.33211174e+00  1.15655886e+00  1.27508102e+00
  1.33535764e+00  1.14531925e+00  1.22513080e+00  1.35748777e+00
  1.14900485e+00  1.19538486e+00  1.37230412e+00  1.14652672e+00
  1.15720875e+00  1.39316183e+00  1.15334897e+00  1.13935636e+00
  1.39440054e+00  1.14147965e+00  1.09120690e+00  1.40203920e+00
  1.13591360e+00  1.05571075e+00  1.42215253e+00  1.13000699e+00
  9.91990666e-01  1.44360073e+00  1.13689375e+00  9.70768059e-01
  1.44136336e+00  1.12484428e+00  9.30005716e-01  1.44883467e+00
  1.12136200e+00  9.02152449e-01  1.45626369e+00  1.11840023e+00
  8.74872327e-01  1.45164688e+00  1.10587029e+00  8.36347858e-01
  1.45433144e+00  1.10000043e+00  8.06587929e-01  1.46573974e+00
  1.10051294e+00  7.83996165e-01  1.46479282e+00  1.09075584e+00
  7.49727118e-01  1.46960183e+00  1.08480508e+00  7.15410662e-01
  1.47584933e+00  1.08171239e+00  6.90072955e-01  1.48103560e+00
  1.07919930e+00  6.69886121e-01  1.48827827e+00  1.07637046e+00
  6.41143000e-01  1.49230027e+00  1.07043841e+00  6.08498846e-01
  1.49794156e+00  1.06733913e+00  5.84362954e-01  1.49916170e+00
  1.06152225e+00  5.57810764e-01  1.50026811e+00  1.05573311e+00
  5.31600738e-01  1.50602253e+00  1.05364752e+00  5.09459102e-01
  1.51118333e+00  1.05058813e+00  4.86442925e-01  1.51197364e+00
  1.04487776e+00  4.61173541e-01  1.52171110e+00  1.04553275e+00
  4.42384295e-01  1.53137754e+00  1.04621040e+00  4.23814349e-01
  1.53491589e+00  1.04358630e+00  4.03313911e-01  1.53655508e+00
  1.03758397e+00  3.77606131e-01  1.54475932e+00  1.03870679e+00
  3.61256933e-01  1.55351716e+00  1.03834456e+00  3.42198995e-01
  1.55855213e+00  1.03652199e+00  3.22435416e-01  1.55651724e+00
  1.03110246e+00  3.03953254e-01  1.56015635e+00  1.02702427e+00
  2.81786214e-01  1.55803427e+00  1.02165452e+00  2.63676951e-01
  1.55424975e+00  1.01207981e+00  2.36050815e-01  1.56322951e+00
  1.01296632e+00  2.19571371e-01  1.55811879e+00  1.00385826e+00
  1.94018862e-01  1.54994890e+00  9.91891147e-01  1.65213565e-01
  1.54474727e+00  9.82881878e-01  1.40269958e-01  1.53650555e+00
  9.71041789e-01  1.12145778e-01  1.53316755e+00  9.62054750e-01
  8.35640093e-02  1.52293559e+00  9.50434496e-01  6.03449757e-02
  1.51462622e+00  9.38808884e-01  3.32415618e-02  1.50630686e+00
  9.27264184e-01  6.48617911e-03  1.49599411e+00  9.14813817e-01
 -2.02335426e-02  1.48286889e+00  9.00699048e-01 -4.55643852e-02
  1.47641980e+00  8.90588241e-01 -7.01653906e-02  1.46019901e+00
  8.72762880e-01 -1.02386158e-01  1.44514173e+00  8.57865715e-01
 -1.27213529e-01  1.43388781e+00  8.45164500e-01 -1.50381393e-01
  1.42560325e+00  8.34169333e-01 -1.74955808e-01  1.41064408e+00
  8.19498016e-01 -1.99018945e-01  1.39330632e+00  8.00374348e-01
 -2.31754418e-01  1.37671812e+00  7.85915153e-01 -2.51622892e-01
  1.35908368e+00  7.68845758e-01 -2.77816436e-01  1.34295470e+00
  7.52626607e-01 -3.03219019e-01  1.32378371e+00  7.35795049e-01
 -3.25311484e-01  1.30604659e+00  7.19708404e-01 -3.46833420e-01
  1.28492148e+00  7.01815738e-01 -3.69268603e-01  1.26450578e+00
  6.83232415e-01 -3.93270933e-01  1.23917773e+00  6.62954663e-01
 -4.14668010e-01  1.22657280e+00  6.50921647e-01 -4.32094301e-01
  1.19658430e+00  6.26976761e-01 -4.56696290e-01  4.07200226e-01
  1.74418663e-02 -9.32113529e-01  3.67650835e-01 -1.21176177e-02
 -9.48362659e-01  2.70098056e-01 -8.28148632e-02 -9.80682609e-01
  2.39554749e-01 -1.04778158e-01 -9.92019457e-01  1.85656854e-01
 -1.43705688e-01 -1.00672826e+00  1.23096013e-01 -1.88064478e-01
 -1.02301604e+00  6.96794183e-02 -2.24554568e-01 -1.03000896e+00
  4.49004225e-02 -2.39303448e-01 -1.02535529e+00  2.12437568e-02
 -2.55316848e-01 -1.02504697e+00  4.53708143e-03 -2.65189610e-01
 -1.01908783e+00 -1.66289028e-02 -2.77848651e-01 -1.01273120e+00
 -3.36532843e-02 -2.87940821e-01 -1.00675978e+00 -8.24931270e-02
 -3.12985876e-01 -9.68596017e-01 -9.39124509e-02 -3.11694078e-01
 -9.25169594e-01 -9.69692302e-02 -3.05927354e-01 -8.82526458e-01
 -9.35571808e-02 -2.98079442e-01 -8.48614988e-01 -8.60857476e-02
 -2.90539992e-01 -8.33219101e-01 -8.09304029e-02 -2.85280031e-01
 -8.22785501e-01 -7.05812120e-02 -2.74957211e-01 -8.04498809e-01
 -6.16456329e-02 -2.63396122e-01 -7.83534841e-01 -4.17941674e-02
 -2.46928357e-01 -7.62507181e-01 -2.37608162e-02 -2.30548389e-01
 -7.37976198e-01 -1.00024010e-02 -2.15582193e-01 -7.13227859e-01
  2.20382746e-02 -1.84591032e-01 -6.72095117e-01  4.58643304e-02
 -1.62516620e-01 -6.40399364e-01  1.24484189e-01 -8.88688693e-02
 -5.41508738e-01  6.10810758e-01  4.05015663e-01  9.85105216e-02
  6.41679607e-01  4.46319387e-01  1.60388853e-01  6.61678913e-01
  4.75829974e-01  2.03338629e-01  6.83370653e-01  5.04090878e-01
  2.39557097e-01  6.86176742e-01  5.19117347e-01  2.65245637e-01
  7.00629964e-01  5.35492911e-01  2.72445650e-01  7.06373138e-01
  5.46494209e-01  2.89488148e-01  7.04723205e-01  5.48090349e-01
  2.85598026e-01  7.05099835e-01  5.47982486e-01  2.73861650e-01
  6.90143512e-01  5.43531938e-01  2.77075349e-01  6.91470271e-01
  5.46680810e-01  2.74603802e-01  6.89043984e-01  5.46422425e-01
  2.68110971e-01  6.77896266e-01  5.40045744e-01  2.58806331e-01
  6.69994779e-01  5.35043825e-01  2.46610186e-01  6.60868897e-01
  5.21850269e-01  2.10156545e-01  6.53438340e-01  5.14032819e-01
  1.89858778e-01  6.44350060e-01  5.04384007e-01  1.63604309e-01
  6.24717434e-01  4.80893296e-01  1.12455425e-01  6.09597152e-01
  4.67494826e-01  8.70469749e-02]